{
 "cells": [
  {
   "cell_type": "code",
   "execution_count": 1,
   "metadata": {
    "collapsed": true
   },
   "outputs": [],
   "source": [
    "import numpy as np"
   ]
  },
  {
   "cell_type": "code",
   "execution_count": 2,
   "metadata": {
    "collapsed": true
   },
   "outputs": [],
   "source": [
    "from hmm import HMM"
   ]
  },
  {
   "cell_type": "code",
   "execution_count": 3,
   "metadata": {
    "collapsed": true
   },
   "outputs": [],
   "source": [
    "hmm = HMM(15, 3, 100)"
   ]
  },
  {
   "cell_type": "code",
   "execution_count": 4,
   "metadata": {
    "collapsed": true
   },
   "outputs": [],
   "source": [
    "observation_seqs = [\n",
    "    [[0, 3, 2, 7], [1, 4], [2, 5, 6], [0, 0, 2, 3]],  # user 1, only tech\n",
    "    [[0, 1, 2, 8, 9, 2], [3, 1, 4, 1, 5, 9], [8, 10, 12, 7], [1, 2, 1, 1]], # user 2, mixture of tech and fashion. Heavy user.\n",
    "    [[0, 1], [2], [3], []],  # user 3, light user, mainly tech\n",
    "    [[13], [14], [], [0, 1]],  # user 4, power tools, also browsed tech\n",
    "    [[8, 9, 10], [9, 10, 11], [10, 11, 12], [8, 8, 9]]  # only fashion\n",
    "]"
   ]
  },
  {
   "cell_type": "code",
   "execution_count": 10,
   "metadata": {
    "scrolled": false
   },
   "outputs": [
    {
     "name": "stdout",
     "output_type": "stream",
     "text": [
      "alphas\n",
      "[array([[  9.99999943e-01,   4.12178032e-08,   1.59269541e-08],\n",
      "       [  9.99999999e-01,   4.86890539e-10,   1.56500629e-11],\n",
      "       [  9.99999994e-01,   4.82059351e-09,   8.98210441e-10],\n",
      "       [  9.99999991e-01,   8.86049781e-10,   7.89578935e-09]]), array([[  9.99999807e-01,   1.87305358e-07,   5.49067307e-09],\n",
      "       [  9.99999992e-01,   7.40638242e-09,   4.04828963e-10],\n",
      "       [  9.99999975e-01,   2.42667409e-08,   1.14323429e-09],\n",
      "       [  9.99999986e-01,   1.43472960e-08,   1.87573407e-11]]), array([[  1.00000000e+00,   6.22217909e-11,   1.37382888e-11],\n",
      "       [  9.99999998e-01,   1.93767336e-09,   9.05012096e-11],\n",
      "       [  9.99999999e-01,   1.27591466e-09,   1.35728696e-10],\n",
      "       [  1.00000000e+00,   1.08020384e-10,   8.57137044e-12]]), array([[  1.00000000e+00,   4.53578500e-10,   8.16854953e-12],\n",
      "       [  1.00000000e+00,   1.33899223e-12,   9.16585204e-12],\n",
      "       [  1.00000000e+00,   1.08020384e-10,   8.57137044e-12],\n",
      "       [  1.00000000e+00,   5.47074938e-11,   1.62113291e-11]]), array([[  9.99999997e-01,   2.59851755e-09,   2.30602311e-10],\n",
      "       [  1.00000000e+00,   1.86156735e-10,   5.14697262e-11],\n",
      "       [  1.00000000e+00,   2.42617969e-10,   3.81868307e-11],\n",
      "       [  9.99999985e-01,   1.52941910e-08,   1.85794461e-10]])]\n",
      "\n",
      "betas\n",
      "[array([[  3.26068028e+00,   1.58759437e-09,   5.10298525e-11],\n",
      "       [  3.26068028e+00,   1.57184143e-08,   2.92877708e-09],\n",
      "       [  3.26068028e+00,   2.96042104e-09,   1.96667708e-08],\n",
      "       [  1.00000000e+00,   1.00000000e+00,   1.00000000e+00]]), array([[  3.26068021e+00,   2.41498443e-08,   1.32001789e-09],\n",
      "       [  3.26068022e+00,   7.91260841e-08,   3.72772152e-09],\n",
      "       [  3.26068025e+00,   4.79364000e-08,   4.67206389e-11],\n",
      "       [  1.00000000e+00,   1.00000000e+00,   1.00000000e+00]]), array([[  3.26068030e+00,   6.31813337e-09,   2.95095512e-10],\n",
      "       [  3.26068030e+00,   4.16034981e-09,   4.42567886e-10],\n",
      "       [  3.26068031e+00,   3.60911797e-10,   2.13495029e-11],\n",
      "       [  1.00000000e+00,   1.00000000e+00,   1.00000000e+00]]), array([[  3.26068031e+00,   4.36602560e-12,   2.98869133e-11],\n",
      "       [  3.26068031e+00,   3.52219940e-10,   2.79484988e-11],\n",
      "       [  3.26068031e+00,   1.82785685e-10,   4.03790525e-11],\n",
      "       [  1.00000000e+00,   1.00000000e+00,   1.00000000e+00]]), array([[  3.26068031e+00,   6.06997600e-10,   1.67826323e-10],\n",
      "       [  3.26068031e+00,   7.91099637e-10,   1.24515046e-10],\n",
      "       [  3.26068026e+00,   5.11001141e-08,   4.62775400e-10],\n",
      "       [  1.00000000e+00,   1.00000000e+00,   1.00000000e+00]])]\n",
      "\n",
      "gammas\n",
      "[array([[  3.26068009e+00,   6.54371524e-17,   8.12750119e-19],\n",
      "       [  3.26068028e+00,   7.65314721e-18,   4.58355456e-20],\n",
      "       [  3.26068026e+00,   1.42709865e-17,   1.76648989e-17],\n",
      "       [  9.99999991e-01,   8.86049781e-10,   7.89578935e-09]]), array([[  3.26067958e+00,   4.52339524e-15,   7.24778667e-18],\n",
      "       [  3.26068019e+00,   5.86038038e-16,   1.50908964e-18],\n",
      "       [  3.26068017e+00,   1.16326020e-15,   5.34126364e-20],\n",
      "       [  9.99999986e-01,   1.43472960e-08,   1.87573407e-11]]), array([[  3.26068030e+00,   3.93125574e-19,   4.05410737e-21],\n",
      "       [  3.26068029e+00,   8.06139901e-18,   4.00529290e-20],\n",
      "       [  3.26068030e+00,   4.60492654e-19,   2.89774019e-21],\n",
      "       [  1.00000000e+00,   1.08020384e-10,   8.57137044e-12]]), array([[  3.26068030e+00,   1.98033534e-21,   2.44132731e-22],\n",
      "       [  3.26068031e+00,   4.71619763e-22,   2.56171805e-22],\n",
      "       [  3.26068031e+00,   1.97445799e-20,   3.46103817e-22],\n",
      "       [  1.00000000e+00,   5.47074938e-11,   1.62113291e-11]]), array([[  3.26068030e+00,   1.57729392e-18,   3.87011378e-20],\n",
      "       [  3.26068031e+00,   1.47268525e-19,   6.40875534e-21],\n",
      "       [  3.26068026e+00,   1.23978059e-17,   1.76719259e-20],\n",
      "       [  9.99999985e-01,   1.52941910e-08,   1.85794461e-10]])]\n",
      "\n",
      "xis\n",
      "[array([[[  3.26068007e+00,   7.65314668e-18,   4.58355437e-20],\n",
      "        [  1.50169778e-07,   3.87513639e-25,   1.33658054e-27],\n",
      "        [  5.93762018e-08,   1.35626312e-25,   5.71841575e-28]],\n",
      "\n",
      "       [[  3.26068026e+00,   1.42709865e-17,   1.76648989e-17],\n",
      "        [  1.77389959e-09,   8.53586268e-27,   6.08485693e-27],\n",
      "        [  5.83439424e-11,   2.48508498e-28,   2.16554807e-28]],\n",
      "\n",
      "       [[  9.99999985e-01,   8.86049775e-10,   7.89578932e-09],\n",
      "        [  5.38629322e-09,   5.24711670e-18,   2.69279905e-17],\n",
      "        [  1.02695063e-09,   8.85538370e-19,   5.55538599e-18]]]), array([[[  3.26067949e+00,   5.86037900e-16,   1.50908943e-18],\n",
      "        [  6.82413925e-07,   1.34846003e-22,   1.99973819e-25],\n",
      "        [  2.04694065e-08,   3.58032569e-24,   6.49054600e-27]],\n",
      "\n",
      "       [[  3.26068014e+00,   1.16326019e-15,   5.34126361e-20],\n",
      "        [  2.69838441e-08,   1.05838845e-23,   2.79871083e-28],\n",
      "        [  1.50921547e-09,   5.23985907e-25,   1.69377679e-29]],\n",
      "\n",
      "       [[  9.99999957e-01,   1.43472955e-08,   1.87573404e-11],\n",
      "        [  2.71144581e-08,   4.27704282e-16,   3.22025752e-19],\n",
      "        [  1.30709365e-09,   1.82505711e-17,   1.67975947e-20]]]), array([[[  3.26068029e+00,   8.06139901e-18,   4.00529290e-20],\n",
      "        [  2.26694096e-10,   6.16190523e-28,   1.76313135e-30],\n",
      "        [  5.12167872e-11,   1.23229368e-28,   4.31030011e-31]],\n",
      "\n",
      "       [[  3.26068029e+00,   4.60492653e-19,   2.89774018e-21],\n",
      "        [  7.05957039e-09,   1.09613833e-27,   3.97235353e-30],\n",
      "        [  3.37391451e-10,   4.63711913e-29,   2.05425529e-31]],\n",
      "\n",
      "       [[  9.99999998e-01,   1.08020384e-10,   8.57137043e-12],\n",
      "        [  1.42564407e-09,   1.69312661e-19,   7.73712785e-21],\n",
      "        [  1.55182644e-10,   1.63135530e-20,   9.11302429e-22]]]), array([[[  3.26068030e+00,   4.71619763e-22,   2.56171805e-22],\n",
      "        [  1.65253309e-09,   2.62788615e-31,   8.22037573e-32],\n",
      "        [  3.04526182e-11,   4.28655209e-33,   1.63914307e-33]],\n",
      "\n",
      "       [[  3.26068031e+00,   1.97445799e-20,   3.46103817e-22],\n",
      "        [  4.87838152e-12,   3.24779079e-32,   3.27862938e-34],\n",
      "        [  3.41705944e-11,   2.01368671e-31,   2.48496238e-33]],\n",
      "\n",
      "       [[  1.00000000e+00,   5.47074938e-11,   1.62113290e-11],\n",
      "        [  1.20696646e-10,   7.25963235e-21,   1.23888849e-21],\n",
      "        [  9.79990206e-12,   5.21756956e-22,   1.08845248e-22]]]), array([[[  3.26068030e+00,   1.47268525e-19,   6.40875532e-21],\n",
      "        [  9.46723941e-09,   4.70108044e-28,   1.17816801e-29],\n",
      "        [  8.59692911e-10,   3.77872037e-29,   1.15765175e-30]],\n",
      "\n",
      "       [[  3.26068025e+00,   1.23978059e-17,   1.76719258e-20],\n",
      "        [  6.78229149e-10,   2.83521289e-27,   2.32739723e-30],\n",
      "        [  1.91880809e-10,   7.10015538e-28,   7.12485983e-31]],\n",
      "\n",
      "       [[  9.99999984e-01,   1.52941910e-08,   1.85794461e-10],\n",
      "        [  2.71089340e-10,   4.55839087e-18,   3.18906672e-20],\n",
      "        [  4.36601355e-11,   6.49847253e-19,   5.55759589e-21]]])]\n"
     ]
    }
   ],
   "source": [
    "hmm.baum_welch(observation_seqs)"
   ]
  },
  {
   "cell_type": "code",
   "execution_count": null,
   "metadata": {
    "collapsed": true
   },
   "outputs": [],
   "source": []
  }
 ],
 "metadata": {
  "kernelspec": {
   "display_name": "Python 3",
   "language": "python",
   "name": "python3"
  },
  "language_info": {
   "codemirror_mode": {
    "name": "ipython",
    "version": 3
   },
   "file_extension": ".py",
   "mimetype": "text/x-python",
   "name": "python",
   "nbconvert_exporter": "python",
   "pygments_lexer": "ipython3",
   "version": "3.6.3"
  }
 },
 "nbformat": 4,
 "nbformat_minor": 2
}
